# V_PS_R,V_LED_R,I_R,V_PS_Y,V_LED_Y,I_Y,V_PS_G,V_LED_G,I_G,V_PS_B,V_LED_B,I_B,V_PS_W,V_LED_W,I_W
0.002,-0.003,0.000,0.002,-0.004,0.000,0.002,-0.004,0.000,0.002,-0.004,0.000,0.002,-0.004,0.000
0.103,0.098,0.000,0.103,0.098,0.000,0.103,0.098,0.000,0.103,0.097,0.000,0.103,0.098,0.000
0.204,0.198,0.000,0.204,0.198,0.000,0.204,0.198,0.000,0.204,0.198,0.000,0.204,0.197,0.000
0.305,0.300,0.000,0.305,0.300,0.000,0.305,0.300,0.000,0.305,0.300,0.000,0.305,0.300,0.000
0.406,0.400,0.000,0.406,0.399,0.000,0.406,0.400,-0.000,0.406,0.399,0.000,0.406,0.400,0.000
0.507,0.502,0.000,0.507,0.502,0.000,0.507,0.502,0.000,0.507,0.502,0.000,0.507,0.502,0.000
0.607,0.602,0.000,0.607,0.602,0.000,0.607,0.602,0.000,0.607,0.602,0.000,0.608,0.603,0.000
0.709,0.703,0.000,0.709,0.704,0.000,0.709,0.704,0.000,0.709,0.704,0.000,0.709,0.703,0.000
0.809,0.804,0.000,0.809,0.804,0.000,0.809,0.804,0.000,0.809,0.804,0.000,0.809,0.804,0.000
0.911,0.905,0.000,0.911,0.906,0.000,0.911,0.905,0.000,0.911,0.905,0.000,0.911,0.905,0.000
1.011,1.006,0.000,1.011,1.006,0.000,1.011,1.006,0.000,1.011,1.006,0.000,1.011,1.006,0.000
1.113,1.107,0.000,1.113,1.107,0.000,1.113,1.108,0.000,1.113,1.107,0.000,1.113,1.107,0.000
1.213,1.207,0.000,1.213,1.207,0.000,1.213,1.208,0.000,1.213,1.207,0.000,1.213,1.207,0.000
1.315,1.310,0.000,1.315,1.309,0.000,1.315,1.310,0.000,1.315,1.309,0.000,1.315,1.309,0.000
1.415,1.409,0.000,1.415,1.410,0.000,1.415,1.409,0.000,1.415,1.410,0.000,1.415,1.409,0.000
1.516,1.511,0.000,1.517,1.512,0.000,1.517,1.512,0.000,1.517,1.512,0.000,1.517,1.512,0.000
1.613,1.608,0.000,1.616,1.612,0.000,1.617,1.612,0.000,1.617,1.612,0.000,1.617,1.612,0.000
1.696,1.690,0.000,1.714,1.708,0.000,1.719,1.714,0.000,1.719,1.713,0.000,1.719,1.713,0.000
1.745,1.739,0.000,1.794,1.788,0.000,1.819,1.814,0.000,1.819,1.814,0.000,1.819,1.814,0.000
1.774,1.768,0.000,1.849,1.843,0.000,1.921,1.916,0.000,1.921,1.916,0.000,1.921,1.916,0.000
1.794,1.788,0.000,1.884,1.878,0.000,2.020,2.015,0.000,2.021,2.016,0.000,2.021,2.016,0.000
1.809,1.803,0.000,1.909,1.904,0.000,2.113,2.108,0.000,2.121,2.117,0.000,2.121,2.116,0.000
1.821,1.815,0.000,1.929,1.924,0.000,2.182,2.177,0.000,2.223,2.218,0.000,2.223,2.218,0.000
1.832,1.826,0.000,1.946,1.941,0.000,2.225,2.219,0.000,2.323,2.319,0.000,2.323,2.318,0.000
1.841,1.835,0.000,1.961,1.955,0.000,2.256,2.250,0.000,2.421,2.416,0.000,2.424,2.418,0.000
1.850,1.843,0.000,1.973,1.968,0.000,2.282,2.276,-0.000,2.494,2.489,0.000,2.511,2.506,0.000
1.858,1.851,0.000,1.985,1.979,0.000,2.305,2.299,0.000,2.532,2.526,0.000,2.563,2.558,0.000
1.865,1.858,0.000,1.995,1.989,0.000,2.326,2.320,0.000,2.554,2.549,0.000,2.591,2.586,0.000
1.872,1.865,0.000,2.005,1.998,0.000,2.345,2.339,0.000,2.571,2.566,0.000,2.609,2.605,0.000
1.878,1.871,0.000,2.013,2.007,0.000,2.364,2.358,0.000,2.584,2.579,0.000,2.623,2.619,0.000
1.885,1.877,0.000,2.022,2.015,0.000,2.382,2.375,0.000,2.596,2.591,0.000,2.635,2.631,0.000
1.890,1.882,0.000,2.029,2.023,0.000,2.398,2.392,0.000,2.606,2.602,0.000,2.645,2.641,0.000
1.896,1.888,0.000,2.037,2.031,0.000,2.415,2.408,0.000,2.616,2.611,0.000,2.655,2.651,0.000
1.901,1.893,0.000,2.044,2.038,0.000,2.431,2.424,0.000,2.625,2.620,0.000,2.663,2.659,0.000
1.907,1.898,0.000,2.051,2.044,0.000,2.446,2.439,0.000,2.633,2.628,0.000,2.671,2.667,0.000
1.911,1.903,0.000,2.057,2.050,0.000,2.461,2.454,0.000,2.641,2.636,0.000,2.678,2.674,0.000
1.916,1.907,0.000,2.063,2.056,0.000,2.476,2.469,0.000,2.648,2.644,0.000,2.685,2.682,0.000
1.921,1.912,0.000,2.069,2.062,0.000,2.490,2.482,0.000,2.655,2.651,0.000,2.691,2.688,0.000
1.926,1.916,0.000,2.075,2.067,0.000,2.504,2.497,0.000,2.662,2.657,0.000,2.698,2.695,0.000
1.930,1.920,0.000,2.080,2.073,0.000,2.518,2.510,0.000,2.669,2.664,0.000,2.704,2.702,0.000
1.934,1.925,0.000,2.085,2.078,0.000,2.531,2.523,0.000,2.675,2.671,0.000,2.710,2.708,0.000
1.939,1.928,0.000,2.090,2.083,0.000,2.544,2.536,0.000,2.682,2.677,0.000,2.715,2.714,0.000
1.943,1.932,0.000,2.095,2.088,0.000,2.557,2.548,0.000,2.688,2.684,0.000,2.721,2.719,0.000
1.947,1.935,0.000,2.100,2.092,0.000,2.569,2.560,0.000,2.694,2.689,0.000,2.726,2.724,0.000
1.951,1.940,0.000,2.104,2.097,0.000,2.582,2.573,0.000,2.700,2.696,0.000,2.731,2.730,0.000
1.955,1.943,-0.006,2.108,2.100,0.000,2.594,2.585,0.000,2.706,2.702,0.000,2.736,2.736,0.000
1.958,1.947,-0.006,2.112,2.104,0.000,2.605,2.596,0.000,2.711,2.707,0.000,2.741,2.741,0.000
1.962,1.950,-0.006,2.116,2.108,-0.006,2.617,2.607,0.000,2.717,2.712,-0.000,2.746,2.745,0.000
1.966,1.954,-0.007,2.120,2.112,-0.006,2.628,2.618,0.000,2.723,2.718,0.000,2.751,2.750,0.000
1.969,1.959,-0.007,2.123,2.116,-0.007,2.639,2.630,0.000,2.728,2.723,0.000,2.756,2.755,0.000
1.973,1.961,-0.007,2.127,2.119,-0.007,2.650,2.640,0.000,2.733,2.729,0.000,2.760,2.760,0.000
1.976,1.965,-0.007,2.130,2.122,-0.007,2.661,2.650,0.000,2.738,2.741,0.000,2.764,2.765,0.000
1.980,1.968,-0.008,2.134,2.125,-0.007,2.672,2.661,0.000,2.743,2.747,0.000,2.769,2.769,0.000
1.983,1.970,-0.008,2.137,2.128,-0.007,2.682,2.672,-0.006,2.748,2.751,0.000,2.773,2.775,0.000
1.987,1.973,-0.008,2.140,2.131,-0.008,2.692,2.682,-0.006,2.753,2.757,-0.006,2.778,2.779,-0.006
1.990,1.977,-0.008,2.143,2.134,-0.008,2.702,2.692,-0.007,2.758,2.762,-0.006,2.782,2.784,-0.006
1.993,1.979,-0.009,2.146,2.139,-0.008,2.713,2.702,-0.007,2.763,2.766,-0.007,2.786,2.788,-0.007
1.996,1.983,-0.009,2.149,2.141,-0.008,2.722,2.711,-0.007,2.767,2.772,-0.007,2.790,2.792,-0.007
2.000,1.985,-0.009,2.152,2.143,-0.009,2.732,2.720,-0.007,2.772,2.776,-0.007,2.794,2.795,-0.007
2.003,1.989,-0.009,2.154,2.145,-0.009,2.741,2.730,-0.007,2.777,2.782,-0.007,2.798,2.801,-0.007
2.006,1.992,-0.009,2.157,2.148,-0.009,2.751,2.739,-0.008,2.781,2.787,-0.008,2.802,2.805,-0.008
2.009,1.994,-0.010,2.159,2.150,-0.009,2.760,2.747,-0.008,2.786,2.791,-0.008,2.806,2.809,-0.008
2.012,1.996,-0.010,2.162,2.153,-0.010,2.768,2.756,-0.008,2.790,2.796,-0.008,2.810,2.813,-0.008
2.015,2.000,-0.010,2.164,2.154,-0.010,2.777,2.765,-0.008,2.794,2.800,-0.008,2.814,2.817,-0.008
2.018,2.002,-0.010,2.166,2.156,-0.010,2.786,2.773,-0.009,2.799,2.805,-0.008,2.817,2.821,-0.008
2.021,2.005,-0.011,2.168,2.159,-0.010,2.795,2.782,-0.009,2.803,2.809,-0.009,2.821,2.824,-0.009
2.024,2.008,-0.011,2.171,2.161,-0.010,2.803,2.790,-0.009,2.807,2.814,-0.009,2.825,2.828,-0.009
2.026,2.010,-0.011,2.173,2.162,-0.011,2.812,2.798,-0.009,2.811,2.818,-0.009,2.829,2.833,-0.009
2.029,2.013,-0.011,2.175,2.164,-0.011,2.820,2.806,-0.009,2.816,2.823,-0.009,2.832,2.836,-0.009
2.032,2.014,-0.011,2.177,2.167,-0.011,2.828,2.814,-0.010,2.820,2.827,-0.010,2.836,2.840,-0.010
2.035,2.017,-0.012,2.179,2.169,-0.011,2.836,2.822,-0.010,2.824,2.831,-0.010,2.839,2.843,-0.010
2.037,2.020,-0.012,2.181,2.169,-0.012,2.843,2.829,-0.010,2.828,2.835,-0.010,2.843,2.848,-0.010
2.040,2.018,-0.012,2.183,2.171,-0.012,2.851,2.836,-0.010,2.832,2.840,-0.010,2.846,2.850,-0.010
2.043,2.064,-0.012,2.185,2.176,-0.012,2.858,2.844,-0.010,2.836,2.844,-0.010,2.850,2.855,-0.010
2.045,2.051,-0.013,2.187,2.164,-0.012,2.866,2.850,-0.011,2.840,2.848,-0.011,2.853,2.858,-0.011
2.048,2.040,-0.013,2.189,2.153,-0.012,2.873,2.858,-0.011,2.844,2.852,-0.011,2.857,2.862,-0.011
2.050,2.084,-0.013,2.190,2.141,-0.013,2.880,2.866,-0.011,2.847,2.857,-0.011,2.860,2.865,-0.011
2.053,2.073,-0.013,2.192,2.185,-0.013,2.887,2.872,-0.011,2.851,2.860,-0.011,2.864,2.869,-0.011
2.056,2.060,-0.014,2.194,2.174,-0.013,2.894,2.879,-0.012,2.855,2.864,-0.012,2.867,2.872,-0.012
2.058,2.050,-0.014,2.195,2.162,-0.013,2.901,2.886,-0.012,2.859,2.868,-0.012,2.870,2.876,-0.012
2.061,2.036,-0.014,2.197,2.205,-0.014,2.909,2.883,-0.012,2.862,2.883,-0.012,2.873,2.883,-0.012
2.063,2.082,-0.014,2.198,2.251,-0.014,2.916,2.872,-0.012,2.866,2.872,-0.012,2.877,2.871,-0.012
2.066,2.070,-0.014,2.200,2.182,-0.014,2.922,2.916,-0.012,2.870,2.860,-0.012,2.880,2.916,-0.012
2.068,2.059,-0.015,2.201,2.228,-0.014,2.929,2.905,-0.013,2.873,2.905,-0.013,2.883,2.905,-0.013
2.070,2.046,-0.015,2.203,2.159,-0.015,2.936,2.892,-0.013,2.876,2.892,-0.013,2.887,2.948,-0.013
2.073,2.091,-0.015,2.205,2.204,-0.015,2.942,2.938,-0.013,2.879,2.938,-0.013,2.890,2.938,-0.013
2.075,2.079,-0.015,2.206,2.191,-0.015,2.949,2.925,-0.013,2.883,2.925,-0.013,2.893,2.868,-0.013
2.077,2.068,-0.016,2.207,2.181,-0.015,2.955,2.914,-0.014,2.887,2.914,-0.014,2.896,2.914,-0.014
2.080,2.055,-0.016,2.209,2.168,-0.015,2.961,2.958,-0.014,2.890,2.958,-0.014,2.899,2.901,-0.014
2.082,2.100,-0.016,2.210,2.157,-0.016,2.967,2.947,-0.014,2.893,2.947,-0.014,2.902,2.890,-0.014
2.084,2.087,-0.016,2.211,2.201,-0.016,2.973,2.934,-0.014,2.897,2.934,-0.014,2.905,2.934,-0.014
2.087,2.077,-0.016,2.213,2.189,-0.016,2.979,2.923,-0.014,2.899,2.923,-0.014,2.908,2.923,-0.015
2.089,2.064,-0.017,2.215,2.177,-0.016,2.985,2.967,-0.015,2.902,2.967,-0.015,2.911,2.910,-0.015
2.092,2.053,-0.017,2.217,2.166,-0.017,2.991,2.955,-0.015,2.905,2.955,-0.015,2.913,2.955,-0.015
2.094,2.097,-0.017,2.218,2.209,-0.017,2.997,2.999,-0.015,2.909,2.943,-0.015,2.916,2.943,-0.015
2.096,2.086,-0.017,2.220,2.198,-0.017,3.002,2.988,-0.015,2.912,2.988,-0.015,2.919,2.932,-0.015
2.098,2.129,-0.018,2.221,2.186,-0.017,3.008,2.975,-0.016,2.915,2.975,-0.016,2.922,2.920,-0.016
2.100,2.118,-0.018,2.222,2.175,-0.018,3.013,2.965,-0.016,2.918,2.964,-0.016,2.925,2.908,-0.016
2.103,2.163,-0.018,2.223,2.218,-0.018,3.019,2.953,-0.016,2.922,3.009,-0.016,2.928,2.953,-0.016
2.105,2.151,-0.018,2.224,2.208,-0.018,3.024,2.998,-0.016,2.925,2.998,-0.016,2.930,2.942,-0.016
